First_Year Second_Year Third_Year Fourth_Year
14	49	44	62
13	46	52	60
42	38	45	57
18	40	25	36
19	19	24	34
22	28	19	31
15	18	32
14	48	23
9	41	14
16	50	7
6	50
11	44
6	46
8	28
27	29
25	54
22	51
20	44
31	40
16	32
34	24
19	35
9	32
20	36
15	30
14	25
5	58
40	45
37	53
36	46
18	42
12	26
14	40
17	15
16	53
23	49
23	48
14	46
18	43
18	50
21	41
5	47
17	49
8	37
29	27
22	38
15	22
41	25
13
38
30
16
27
13
17
8
0
11
17
9
13
14
5
5
18
20
36
16
17
8
11
7
50
39
19
15
26
17
14
31
16
22
20
44
45
22
35
36
21
15
3
10
13
